P.01(1210504201500)(C0)(15)(4)(1.9)(kWh)(3.9)(kVArh)(2.9)(kWh)(4.9)(kVArh)
(0.218)(0.078)(0.000)(0.028)
P.01(1210504203000)(00)(15)(4)(1.9)(kWh)(3.9)(kVArh)(2.9)(kWh)(4.9)(kVArh)
(0.162)(0.018)(0.000)(0.042)
(0.186)(0.056)(0.000)(0.030)
(0.126)(0.080)(0.000)(0.024)
P.01(1210505001500)(00)(15)(4)(1.9)(kWh)(3.9)(kVArh)(2.9)(kWh)(4.9)(kVArh)
(0.086)(0.004)(0.000)(0.034)
P.01(1210430001500)(00)(15)(4)(1.9)(kWh)(3.9)(kVArh)(2.9)(kWh)(4.9)(kVArh)
(0.116)(0.066)(0.000)(0.022)
(0.078)(0.000)(0.000)(0.032)