P.01(1210430001500)(00)(15)(4)(1.9)(kWh)(3.9)(kVArh)(2.9)(kWh)(4.9)(kVArh)
(0.116)(0.066)(0.000)(0.022)
(0.078)(0.000)(0.000)(0.032)
(0.088)(0.012)(0.000)(0.030)
(0.122)(0.078)(0.000)(0.022)
(0.080)(0.000)(0.000)(0.034)
(0.094)(0.028)(0.000)(0.028)
(0.100)(0.038)(0.000)(0.026)
(0.082)(0.004)(0.000)(0.032)
(0.116)(0.060)(0.000)(0.020)
(0.090)(0.020)(0.000)(0.030)
(0.094)(0.000)(0.000)(0.036)
(0.148)(0.064)(0.000)(0.026)
(0.178)(0.040)(0.000)(0.030)
(0.178)(0.010)(0.000)(0.030)
(0.120)(0.006)(0.000)(0.040)
(0.168)(0.076)(0.000)(0.028)
(0.148)(0.052)(0.000)(0.032)
(0.116)(0.000)(0.000)(0.040)
(0.122)(0.012)(0.000)(0.028)
(0.124)(0.026)(0.000)(0.028)
(0.138)(0.068)(0.000)(0.024)
(0.088)(0.000)(0.000)(0.034)
(0.064)(0.000)(0.000)(0.032)
(0.134)(0.004)(0.000)(0.026)
(0.264)(0.068)(0.000)(0.016)
(0.150)(0.036)(0.000)(0.030)
(0.132)(0.000)(0.000)(0.034)
(0.192)(0.064)(0.000)(0.020)
(0.172)(0.014)(0.000)(0.034)
(0.186)(0.018)(0.000)(0.020)
(0.184)(0.056)(0.000)(0.020)
(0.144)(0.000)(0.000)(0.032)
(0.142)(0.042)(0.000)(0.026)
(0.088)(0.032)(0.000)(0.018)
(0.100)(0.010)(0.000)(0.014)
(0.124)(0.056)(0.000)(0.012)
(0.088)(0.010)(0.000)(0.022)
(0.088)(0.002)(0.000)(0.030)
(0.122)(0.062)(0.000)(0.022)
(0.076)(0.002)(0.000)(0.026)
(0.102)(0.038)(0.000)(0.012)
(0.096)(0.044)(0.002)(0.018)
(0.070)(0.000)(0.000)(0.022)
(0.096)(0.044)(0.002)(0.018)
(0.080)(0.020)(0.000)(0.020)
(0.086)(0.012)(0.002)(0.012)
(0.110)(0.066)(0.000)(0.012)
(0.060)(0.000)(0.002)(0.026)
(0.066)(0.018)(0.002)(0.022)
(0.098)(0.048)(0.000)(0.016)
(0.088)(0.014)(0.002)(0.014)
(0.150)(0.050)(0.000)(0.022)
(0.146)(0.026)(0.002)(0.030)
(0.122)(0.000)(0.000)(0.040)
(0.182)(0.070)(0.002)(0.018)
(0.174)(0.018)(0.000)(0.016)
(0.158)(0.028)(0.002)(0.028)
(0.212)(0.040)(0.000)(0.028)
(0.176)(0.000)(0.002)(0.036)
(0.176)(0.048)(0.000)(0.022)
(0.170)(0.026)(0.002)(0.018)
(0.168)(0.006)(0.000)(0.024)
(0.214)(0.058)(0.002)(0.016)
(0.190)(0.000)(0.000)(0.036)
(0.202)(0.014)(0.000)(0.034)
(0.190)(0.048)(0.000)(0.022)
(0.170)(0.012)(0.000)(0.022)
(0.194)(0.038)(0.000)(0.026)
(0.208)(0.058)(0.000)(0.024)
(0.394)(0.022)(0.000)(0.030)
(0.480)(0.070)(0.000)(0.024)
(0.342)(0.024)(0.000)(0.036)
(0.232)(0.006)(0.000)(0.042)
(0.262)(0.030)(0.000)(0.044)
(0.244)(0.026)(0.000)(0.044)
(0.212)(0.000)(0.000)(0.052)
(0.260)(0.048)(0.000)(0.038)
(0.238)(0.014)(0.000)(0.032)
(0.224)(0.004)(0.000)(0.046)
(0.258)(0.056)(0.000)(0.038)
(0.192)(0.000)(0.000)(0.052)
(0.190)(0.020)(0.000)(0.034)
(0.222)(0.052)(0.000)(0.026)
(0.192)(0.004)(0.000)(0.038)
(0.192)(0.034)(0.000)(0.034)
(0.188)(0.024)(0.000)(0.036)
(0.164)(0.000)(0.000)(0.038)
(0.198)(0.058)(0.000)(0.026)
(0.186)(0.020)(0.000)(0.028)
(0.298)(0.000)(0.000)(0.038)
(0.212)(0.062)(0.000)(0.026)
(0.150)(0.000)(0.000)(0.038)
(0.136)(0.002)(0.002)(0.036)
(0.160)(0.082)(0.000)(0.018)
(0.116)(0.000)(0.002)(0.034)
(0.094)(0.016)(0.000)(0.030)
P.01(1210501001500)(00)(15)(4)(1.9)(kWh)(3.9)(kVArh)(2.9)(kWh)(4.9)(kVArh)
(0.110)(0.048)(0.002)(0.028)
(0.084)(0.000)(0.002)(0.034)
(0.112)(0.046)(0.000)(0.024)
(0.130)(0.076)(0.002)(0.022)
(0.146)(0.000)(0.000)(0.034)
(0.094)(0.000)(0.002)(0.036)
(0.112)(0.044)(0.002)(0.026)
(0.128)(0.078)(0.000)(0.022)
(0.102)(0.022)(0.002)(0.022)
(0.082)(0.000)(0.000)(0.034)
(0.082)(0.000)(0.002)(0.036)
(0.112)(0.052)(0.000)(0.026)
(0.104)(0.038)(0.002)(0.028)
(0.086)(0.004)(0.002)(0.032)
(0.094)(0.010)(0.000)(0.026)
(0.068)(0.000)(0.002)(0.034)
(0.116)(0.070)(0.000)(0.026)
(0.110)(0.018)(0.002)(0.034)
(0.092)(0.000)(0.000)(0.036)
(0.096)(0.008)(0.002)(0.030)
(0.100)(0.016)(0.000)(0.030)
(0.160)(0.078)(0.000)(0.026)
(0.128)(0.000)(0.000)(0.038)
(0.124)(0.000)(0.000)(0.038)
(0.114)(0.000)(0.002)(0.034)
(0.144)(0.042)(0.000)(0.030)
(0.160)(0.064)(0.000)(0.030)
(0.156)(0.000)(0.000)(0.042)
(0.192)(0.000)(0.000)(0.044)
(0.254)(0.054)(0.000)(0.032)
(0.316)(0.056)(0.002)(0.028)
(0.270)(0.010)(0.000)(0.028)
(0.216)(0.056)(0.002)(0.030)
(0.210)(0.002)(0.000)(0.036)
(0.260)(0.072)(0.002)(0.020)
(0.224)(0.018)(0.000)(0.030)
(0.222)(0.008)(0.002)(0.022)
(0.212)(0.046)(0.000)(0.024)
(0.188)(0.010)(0.002)(0.030)
(0.188)(0.010)(0.000)(0.032)
(0.208)(0.046)(0.002)(0.026)
(0.182)(0.000)(0.000)(0.034)
(0.212)(0.072)(0.002)(0.022)
(0.144)(0.010)(0.002)(0.034)
(0.324)(0.236)(0.000)(0.022)
(0.400)(0.308)(0.000)(0.020)
(0.430)(0.286)(0.000)(0.022)
(0.410)(0.344)(0.000)(0.014)
(0.446)(0.268)(0.000)(0.024)
(0.430)(0.268)(0.000)(0.020)
(0.192)(0.024)(0.000)(0.036)
(0.178)(0.016)(0.002)(0.034)
(0.162)(0.056)(0.002)(0.026)
(0.152)(0.008)(0.000)(0.030)
(0.192)(0.070)(0.002)(0.022)
(0.162)(0.014)(0.000)(0.032)
(0.144)(0.026)(0.002)(0.030)
(0.182)(0.046)(0.000)(0.028)
(0.194)(0.064)(0.002)(0.022)
(0.188)(0.060)(0.000)(0.014)
(0.156)(0.004)(0.002)(0.026)
(0.148)(0.034)(0.000)(0.022)
(0.172)(0.036)(0.002)(0.022)
(0.158)(0.000)(0.000)(0.030)
(0.192)(0.070)(0.002)(0.016)
(0.266)(0.012)(0.002)(0.016)
(0.214)(0.038)(0.000)(0.020)
(0.222)(0.030)(0.002)(0.028)
(0.242)(0.000)(0.000)(0.046)
(0.288)(0.068)(0.002)(0.028)
(0.244)(0.012)(0.000)(0.040)
(0.280)(0.052)(0.000)(0.028)
(0.308)(0.064)(0.000)(0.040)
(0.300)(0.030)(0.000)(0.050)
(0.284)(0.000)(0.000)(0.060)
(0.364)(0.062)(0.000)(0.040)
(0.330)(0.014)(0.000)(0.044)
(0.282)(0.032)(0.000)(0.046)
(0.378)(0.038)(0.000)(0.044)
(0.262)(0.000)(0.000)(0.050)
(0.282)(0.064)(0.000)(0.030)
(0.296)(0.050)(0.000)(0.026)
(0.284)(0.004)(0.000)(0.032)
(0.216)(0.014)(0.000)(0.038)
(0.270)(0.070)(0.000)(0.024)
(0.238)(0.050)(0.000)(0.026)
(0.168)(0.002)(0.000)(0.034)
(0.158)(0.010)(0.000)(0.016)
(0.158)(0.064)(0.002)(0.018)
(0.112)(0.032)(0.000)(0.026)
(0.094)(0.000)(0.002)(0.030)
(0.098)(0.002)(0.002)(0.026)
(0.142)(0.092)(0.000)(0.018)
(0.088)(0.022)(0.002)(0.026)
(0.082)(0.008)(0.000)(0.030)
(0.092)(0.000)(0.002)(0.030)
P.01(1210502001500)(00)(15)(4)(1.9)(kWh)(3.9)(kVArh)(2.9)(kWh)(4.9)(kVArh)
(0.124)(0.086)(0.002)(0.018)
(0.094)(0.030)(0.000)(0.026)
(0.076)(0.000)(0.002)(0.032)
(0.078)(0.000)(0.000)(0.030)
(0.116)(0.070)(0.002)(0.022)
(0.108)(0.048)(0.000)(0.020)
(0.076)(0.000)(0.002)(0.032)
(0.076)(0.000)(0.002)(0.032)
(0.114)(0.068)(0.000)(0.020)
(0.102)(0.034)(0.002)(0.020)
(0.078)(0.002)(0.000)(0.030)
(0.076)(0.000)(0.002)(0.032)
(0.110)(0.062)(0.000)(0.022)
(0.088)(0.034)(0.002)(0.026)
(0.070)(0.010)(0.002)(0.022)
(0.074)(0.010)(0.000)(0.030)
(0.106)(0.052)(0.002)(0.024)
(0.122)(0.056)(0.000)(0.026)
(0.118)(0.056)(0.002)(0.026)
(0.138)(0.076)(0.000)(0.022)
(0.118)(0.062)(0.002)(0.026)
(0.112)(0.070)(0.002)(0.022)
(0.076)(0.010)(0.000)(0.028)
(0.072)(0.010)(0.002)(0.022)
(0.160)(0.016)(0.000)(0.028)
(0.218)(0.076)(0.002)(0.018)
(0.100)(0.008)(0.002)(0.030)
(0.120)(0.000)(0.000)(0.036)
(0.162)(0.018)(0.002)(0.028)
(0.192)(0.066)(0.000)(0.022)
(0.164)(0.028)(0.002)(0.028)
(0.194)(0.074)(0.000)(0.024)
(0.196)(0.032)(0.002)(0.030)
(0.192)(0.010)(0.000)(0.024)
(0.184)(0.028)(0.002)(0.034)
(0.208)(0.042)(0.002)(0.036)
(0.200)(0.000)(0.000)(0.040)
(0.220)(0.052)(0.002)(0.024)
(0.184)(0.018)(0.000)(0.018)
(0.214)(0.012)(0.002)(0.028)
(0.246)(0.050)(0.000)(0.020)
(0.168)(0.000)(0.002)(0.030)
(0.162)(0.040)(0.000)(0.022)
(0.216)(0.044)(0.002)(0.018)
P.01(1210502111500)(C0)(15)(4)(1.9)(kWh)(3.9)(kVArh)(2.9)(kWh)(4.9)(kVArh)
(0.138)(0.000)(0.000)(0.038)
P.01(1210502113000)(00)(15)(4)(1.9)(kWh)(3.9)(kVArh)(2.9)(kWh)(4.9)(kVArh)
(0.164)(0.060)(0.000)(0.022)
(0.164)(0.006)(0.000)(0.046)
(0.168)(0.022)(0.000)(0.044)
(0.194)(0.060)(0.000)(0.030)
(0.180)(0.062)(0.000)(0.030)
(0.412)(0.252)(0.000)(0.022)
(0.450)(0.326)(0.000)(0.020)
(0.406)(0.276)(0.000)(0.016)
(0.234)(0.088)(0.000)(0.026)
(0.172)(0.030)(0.000)(0.036)
(0.168)(0.000)(0.000)(0.040)
(0.214)(0.052)(0.000)(0.032)
(0.180)(0.004)(0.000)(0.044)
(0.206)(0.050)(0.000)(0.028)
(0.220)(0.032)(0.000)(0.040)
(0.206)(0.014)(0.000)(0.040)
(0.226)(0.056)(0.000)(0.028)
(0.178)(0.004)(0.000)(0.036)
(0.226)(0.070)(0.000)(0.026)
(0.224)(0.018)(0.000)(0.042)
(0.222)(0.022)(0.000)(0.040)
(0.234)(0.050)(0.000)(0.032)
(0.210)(0.004)(0.000)(0.038)
(0.238)(0.072)(0.000)(0.026)
(0.202)(0.012)(0.000)(0.044)
(0.206)(0.022)(0.000)(0.040)
(0.258)(0.046)(0.002)(0.036)
(0.348)(0.004)(0.000)(0.048)
(0.506)(0.136)(0.000)(0.056)
(0.400)(0.068)(0.000)(0.064)
(0.384)(0.068)(0.000)(0.060)
(0.434)(0.120)(0.000)(0.056)
(0.434)(0.072)(0.000)(0.050)
(0.454)(0.038)(0.000)(0.046)
(0.448)(0.084)(0.000)(0.048)
(0.400)(0.134)(0.000)(0.050)
(0.336)(0.058)(0.000)(0.046)
(0.286)(0.048)(0.000)(0.040)
(0.176)(0.006)(0.000)(0.046)
(0.212)(0.074)(0.000)(0.030)
(0.170)(0.014)(0.000)(0.042)
(0.158)(0.000)(0.002)(0.040)
(0.174)(0.012)(0.000)(0.028)
(0.184)(0.072)(0.002)(0.028)
(0.140)(0.018)(0.000)(0.036)
(0.154)(0.000)(0.002)(0.044)
(0.116)(0.000)(0.002)(0.040)
(0.160)(0.084)(0.000)(0.026)
(0.130)(0.032)(0.002)(0.036)
(0.110)(0.000)(0.000)(0.040)
(0.110)(0.000)(0.002)(0.040)
P.01(1210503001500)(00)(15)(4)(1.9)(kWh)(3.9)(kVArh)(2.9)(kWh)(4.9)(kVArh)
(0.136)(0.048)(0.000)(0.032)
(0.146)(0.058)(0.002)(0.028)
(0.096)(0.004)(0.000)(0.036)
(0.104)(0.000)(0.002)(0.040)
(0.130)(0.034)(0.002)(0.036)
(0.120)(0.058)(0.000)(0.030)
(0.098)(0.006)(0.002)(0.034)
(0.108)(0.008)(0.000)(0.032)
(0.110)(0.018)(0.002)(0.036)
(0.138)(0.074)(0.000)(0.028)
(0.098)(0.000)(0.002)(0.040)
(0.102)(0.000)(0.002)(0.038)
(0.116)(0.018)(0.000)(0.028)
(0.140)(0.076)(0.002)(0.026)
(0.118)(0.012)(0.000)(0.038)
(0.116)(0.000)(0.002)(0.042)
(0.112)(0.000)(0.000)(0.042)
(0.170)(0.086)(0.002)(0.030)
(0.132)(0.028)(0.000)(0.038)
(0.128)(0.000)(0.002)(0.046)
(0.104)(0.000)(0.002)(0.046)
(0.106)(0.058)(0.000)(0.034)
(0.124)(0.060)(0.000)(0.030)
(0.100)(0.002)(0.000)(0.040)
(0.140)(0.000)(0.000)(0.046)
(0.160)(0.030)(0.000)(0.036)
(0.174)(0.056)(0.000)(0.030)
(0.156)(0.008)(0.000)(0.030)
(0.158)(0.042)(0.000)(0.040)
(0.380)(0.298)(0.000)(0.030)
(0.404)(0.344)(0.000)(0.022)
(0.288)(0.182)(0.000)(0.036)
(0.144)(0.002)(0.000)(0.036)
(0.112)(0.012)(0.002)(0.024)
(0.134)(0.076)(0.000)(0.020)
(0.150)(0.074)(0.002)(0.018)
(0.128)(0.074)(0.000)(0.018)
(0.114)(0.072)(0.002)(0.020)
(0.114)(0.046)(0.002)(0.018)
(0.186)(0.076)(0.000)(0.018)
(0.196)(0.042)(0.002)(0.024)
(0.130)(0.072)(0.000)(0.018)
(0.156)(0.070)(0.002)(0.018)
(0.154)(0.090)(0.000)(0.018)
(0.080)(0.002)(0.002)(0.026)
(0.156)(0.056)(0.000)(0.018)
(0.180)(0.030)(0.002)(0.022)
(0.146)(0.054)(0.000)(0.018)
(0.128)(0.044)(0.002)(0.018)
(0.118)(0.034)(0.002)(0.020)
(0.154)(0.052)(0.000)(0.026)
(0.182)(0.006)(0.002)(0.038)
(0.214)(0.072)(0.000)(0.024)
(0.216)(0.058)(0.002)(0.020)
(0.204)(0.000)(0.000)(0.036)
(0.166)(0.028)(0.002)(0.028)
(0.186)(0.070)(0.002)(0.016)
(0.172)(0.054)(0.000)(0.016)
(0.158)(0.008)(0.002)(0.020)
(0.122)(0.004)(0.000)(0.034)
(0.182)(0.070)(0.002)(0.018)
(0.168)(0.022)(0.000)(0.030)
(0.138)(0.004)(0.002)(0.032)
(0.160)(0.022)(0.000)(0.024)
(0.174)(0.074)(0.002)(0.024)
(0.140)(0.006)(0.000)(0.034)
(0.132)(0.000)(0.002)(0.036)
(0.162)(0.034)(0.002)(0.030)
(0.188)(0.082)(0.000)(0.022)
(0.166)(0.000)(0.002)(0.042)
(0.180)(0.000)(0.000)(0.046)
(0.208)(0.020)(0.000)(0.042)
(0.264)(0.082)(0.000)(0.038)
(0.236)(0.008)(0.000)(0.050)
(0.220)(0.000)(0.000)(0.054)
(0.214)(0.014)(0.000)(0.050)
(0.238)(0.068)(0.000)(0.034)
(0.236)(0.008)(0.000)(0.044)
(0.228)(0.008)(0.000)(0.038)
(0.222)(0.004)(0.000)(0.050)
(0.254)(0.072)(0.000)(0.034)
(0.218)(0.016)(0.000)(0.048)
(0.224)(0.006)(0.000)(0.040)
(0.214)(0.002)(0.000)(0.048)
(0.202)(0.064)(0.000)(0.034)
(0.128)(0.026)(0.000)(0.034)
(0.140)(0.002)(0.002)(0.034)
(0.132)(0.008)(0.002)(0.026)
(0.150)(0.050)(0.000)(0.026)
(0.118)(0.042)(0.002)(0.026)
(0.094)(0.000)(0.000)(0.036)
(0.184)(0.002)(0.002)(0.032)
(0.142)(0.052)(0.000)(0.022)
(0.100)(0.060)(0.002)(0.026)
(0.076)(0.000)(0.002)(0.034)
(0.074)(0.000)(0.000)(0.036)
P.01(1210504001500)(00)(15)(4)(1.9)(kWh)(3.9)(kVArh)(2.9)(kWh)(4.9)(kVArh)
(0.082)(0.014)(0.002)(0.032)
(0.134)(0.102)(0.000)(0.024)
(0.102)(0.008)(0.002)(0.040)
(0.104)(0.000)(0.000)(0.042)
(0.102)(0.000)(0.002)(0.040)
(0.116)(0.066)(0.002)(0.028)
(0.094)(0.036)(0.000)(0.028)
(0.114)(0.012)(0.002)(0.030)
(0.086)(0.000)(0.000)(0.038)
(0.104)(0.038)(0.002)(0.030)
(0.114)(0.058)(0.002)(0.028)
(0.080)(0.002)(0.000)(0.036)
(0.084)(0.014)(0.002)(0.024)
(0.074)(0.010)(0.000)(0.034)
(0.114)(0.078)(0.002)(0.024)
(0.074)(0.008)(0.000)(0.034)
(0.082)(0.004)(0.002)(0.036)
(0.094)(0.010)(0.002)(0.032)
(0.134)(0.058)(0.000)(0.032)
(0.138)(0.038)(0.002)(0.038)
(0.108)(0.000)(0.000)(0.044)
(0.112)(0.000)(0.002)(0.040)
(0.136)(0.042)(0.000)(0.026)
(0.146)(0.072)(0.002)(0.024)
(0.104)(0.000)(0.002)(0.038)
(0.106)(0.000)(0.000)(0.036)
(0.114)(0.000)(0.002)(0.040)
(0.198)(0.084)(0.000)(0.028)
(0.234)(0.028)(0.002)(0.034)
(0.208)(0.000)(0.000)(0.042)
(0.152)(0.000)(0.002)(0.042)
(0.178)(0.044)(0.000)(0.032)
(0.172)(0.044)(0.000)(0.030)
(0.134)(0.012)(0.000)(0.028)
(0.096)(0.000)(0.000)(0.042)
(0.118)(0.024)(0.000)(0.032)
(0.148)(0.066)(0.000)(0.022)
(0.110)(0.000)(0.000)(0.036)
(0.110)(0.012)(0.000)(0.026)
(0.084)(0.010)(0.000)(0.030)
(0.202)(0.072)(0.000)(0.022)
(0.238)(0.012)(0.000)(0.022)
(0.188)(0.000)(0.000)(0.030)
(0.220)(0.016)(0.000)(0.018)
(0.220)(0.072)(0.000)(0.016)
(0.182)(0.020)(0.000)(0.024)
(0.164)(0.004)(0.000)(0.026)
(0.228)(0.008)(0.000)(0.024)
(0.212)(0.094)(0.000)(0.016)
(0.114)(0.022)(0.000)(0.034)
(0.148)(0.000)(0.000)(0.036)
(0.184)(0.028)(0.000)(0.034)
(0.206)(0.068)(0.000)(0.026)
(0.202)(0.008)(0.002)(0.028)
(0.188)(0.004)(0.000)(0.034)
(0.216)(0.048)(0.002)(0.028)
(0.198)(0.046)(0.000)(0.028)
(0.190)(0.000)(0.002)(0.034)
(0.264)(0.010)(0.000)(0.022)
(0.254)(0.082)(0.002)(0.016)
(0.190)(0.024)(0.000)(0.030)
(0.154)(0.000)(0.002)(0.038)
(0.246)(0.028)(0.000)(0.032)
(0.262)(0.076)(0.000)(0.034)
(0.300)(0.126)(0.000)(0.030)
(0.364)(0.158)(0.000)(0.032)
(0.356)(0.230)(0.000)(0.036)
(0.356)(0.248)(0.000)(0.034)
(0.298)(0.190)(0.000)(0.038)
(0.186)(0.036)(0.000)(0.030)
(0.166)(0.016)(0.000)(0.044)
(0.170)(0.010)(0.000)(0.042)
(0.198)(0.082)(0.000)(0.034)
(0.162)(0.026)(0.000)(0.044)
(0.224)(0.008)(0.000)(0.040)
(0.246)(0.026)(0.000)(0.044)
(0.252)(0.070)(0.000)(0.034)
(0.212)(0.014)(0.000)(0.044)
(0.190)(0.000)(0.000)(0.044)
(0.204)(0.022)(0.000)(0.036)
P.01(1210504201500)(C0)(15)(4)(1.9)(kWh)(3.9)(kVArh)(2.9)(kWh)(4.9)(kVArh)
(0.218)(0.078)(0.000)(0.028)
P.01(1210504203000)(00)(15)(4)(1.9)(kWh)(3.9)(kVArh)(2.9)(kWh)(4.9)(kVArh)
(0.162)(0.018)(0.000)(0.042)
(0.186)(0.056)(0.000)(0.030)
(0.168)(0.014)(0.000)(0.042)
(0.176)(0.048)(0.000)(0.032)
(0.160)(0.036)(0.000)(0.030)
(0.126)(0.014)(0.000)(0.036)
(0.152)(0.060)(0.000)(0.028)
(0.116)(0.000)(0.000)(0.040)
(0.148)(0.058)(0.000)(0.030)
(0.140)(0.038)(0.000)(0.026)
(0.120)(0.004)(0.000)(0.036)
(0.140)(0.072)(0.000)(0.024)
(0.096)(0.000)(0.000)(0.038)
(0.078)(0.030)(0.000)(0.034)
(0.126)(0.080)(0.000)(0.024)
P.01(1210505001500)(00)(15)(4)(1.9)(kWh)(3.9)(kVArh)(2.9)(kWh)(4.9)(kVArh)
(0.086)(0.004)(0.000)(0.034)